11748
1391
26729
21947
29495
11
779
47863
21947
1782
422
366
40720
22866
14
47863
21947
8172
198
11748
1391
779
18610
1782
422
366
45018
8172
198
198
8818
2011
4677
15090
35100
11
2443
2964
862
32092
1391
198
220
1441
357
198
220
220
220
1279
47863
21947
29495
29
198
220
220
220
220
220
1279
4677
36918
2848
29
198
220
220
220
220
220
220
220
1279
21950
1391
986
7700
2964
862
92
11037
198
220
220
220
220
220
7359
4677
36918
2848
29
198
220
220
220
7359
47863
21947
29495
29
198
220
5619
198
92
198
198
8818
2034
36918
2848
15090
1751
32092
1391
198
220
1500
1391
7505
1782
796
779
47863
21947
9783
628
220
779
18610
7
3419
5218
1391
198
220
220
220
3188
13
2618
13
4871
8053
13
28956
7203
2971
1600
366
21953
1600
366
19155
17163
15341
198
220
220
220
3188
13
2618
13
4871
8053
13
2860
7
43810
13
18596
5857
13
14171
1776
198
220
8964
685
43810
36563
628
220
1441
1279
29
90
17197
92
3556
29
26
198
92
198
198
39344
4277
2011
4677
26
198