11748
16854
11
1391
367
20369
11
7123
11
8774
11
7406
7391
1782
422
366
19545
14
22897
8172
198
198
4871
2011
24941
14582
16854
1391
198
220
9037
30351
651
24243
2964
862
7
49464
8
1391
198
220
220
220
1500
4238
2964
862
796
25507
16854
13
1136
24243
2964
862
7
49464
1776
198
220
220
220
1441
1391
2644
36733
2964
862
18083
198
220
1782
628
220
8543
3419
1391
198
220
220
220
1441
357
198
220
220
220
220
220
1279
39
20369
29
198
220
220
220
220
220
220
220
1279
13847
29
198
220
220
220
220
220
220
220
220
220
1279
8726
198
220
220
220
220
220
220
220
220
220
220
220
13291
2625
5450
1378
10331
82
13
13297
499
271
13
785
14
25471
17
30
17989
28
35
5958
25
86
456
83
31
6200
5
13812
28
2032
499
1
198
220
220
220
220
220
220
220
220
220
220
220
823
2625
47720
25473
1
198
220
220
220
220
220
220
220
220
220
1875
3556
8726
29
198
220
220
220
220
220
220
220
7359
13847
29
198
220
220
220
220
220
220
220
1279
2618
29
198
220
220
220
220
220
220
220
220
220
1279
13383
11037
198
220
220
220
220
220
220
220
220
220
1279
10019
7391
11037
198
220
220
220
220
220
220
220
7359
2618
29
198
220
220
220
220
220
7359
39
20369
29
198
220
220
220
5619
198
220
1782
198
92
198
198
39344
4277
2011
24941
26
198