11748
1391
779
9012
1782
422
366
45018
8172
198
11748
1391
198
220
8315
11
198
220
43101
11
198
220
17134
4867
11
198
220
20969
11
198
220
23412
33986
11
198
220
3806
10837
20560
11
198
92
422
44212
76
9019
14
33665
8172
198
11748
1391
45552
1782
422
44212
76
9019
14
10057
8172
198
11748
1391
3401
282
1782
422
44212
76
9019
14
33665
8172
198
11748
7873
17574
263
422
366
40720
5589
3906
14
9876
17574
263
13
8457
87
8172
198
11748
47639
422
366
40720
5589
3906
14
32517
8172
198
198
9979
48900
796
45552
7203
71
17
4943
7
15090
7505
32092
5218
37913
198
220
3124
25
7505
13
18596
5857
13
6404
78
13
12417
11
198
220
10369
24094
25
24018
35
5958
3256
38078
12
2655
361
1600
198
220
10330
34104
25
27444
15
13
2713
2787
1600
198
92
18125
198
198
9979
8562
20560
33986
796
45552
7
20560
33986
5769
90
198
220
366
5
13
44
9019
12
18143
1298
1391
198
220
220
220
3124
25
25113
22
39449
6500
1600
198
220
8964
198
22133
198
198
9979
8562
7975
10837
20560
796
45552
7
7975
10837
20560
5769
15090
7505
32092
5218
37913
198
220
366
5
13
44
9019
12
18143
764
44
9019
7975
10837
20560
12
1662
1740
7975
1370
1298
1391
198
220
220
220
4865
10258
25
7505
13
18596
5857
13
32057
21864
13
12417
11
198
220
8964
198
92
18125
198
198
9979
8562
21864
796
45552
7
21864
5769
15090
7505
32092
5218
37913
198
220
4469
10258
25
7505
13
18596
5857
13
32057
21864
13
12417
11
198
220
3124
25
7505
13
18596
5857
13
11321
13
11186
11
198
220
366
5
25
43753
1298
1391
198
220
220
220
4469
10258
25
7505
13
18596
5857
13
39754
13
21953
11
198
220
8964
198
92
18125
198
198
9979
8562
16501
441
5657
19746
796
37913
5412
26125
32092
5218
1391
198
220
1441
357
198
220
220
220
1279
14253
198
220
220
220
220
220
264
87
28
27007
198
220
220
220
220
220
220
220
2292
25
366
48546
1600
198
220
220
220
220
220
220
220
1353
25
366
1120
4
1600
198
220
220
220
220
220
220
220
1364
25
366
1120
4
1600
198
220
220
220
220
220
220
220
6121
25
366
7645
17660
32590
1120
7441
532
1120
4407
1600
198
220
220
220
220
220
220
220
275
70
8043
25
366
13138
13
12417
1600
198
220
220
220
220
220
220
220
3124
25
366
11186
1600
198
220
220
220
220
220
220
220
279
25
362
11
198
220
220
220
220
220
220
220
4865
15546
3754
25
352
11
198
220
220
220
220
220
34949
198
220
220
220
1875
198
220
220
220
220
220
1279
31467
4867
15304
2625
7266
7839
16
5320
12837
1908
7675
0
3556
31467
4867
29
198
220
220
220
220
220
1279
21864
3124
2625
259
372
270
1
319
8164
34758
28144
26125
92
29
198
220
220
220
220
220
220
220
13872
198
220
220
220
220
220
7359
21864
29
198
220
220
220
7359
14253
29
198
220
5619
198
19629
198
198
9979
14039
9876
796
7499
5218
1391
198
220
1500
685
3672
11
900
5376
60
796
779
9012
7203
15341
198
220
1500
685
12888
11
900
15333
60
796
779
9012
7203
15341
198
220
1500
685
20500
11
900
12837
60
796
779
9012
7203
15341
198
220
1500
685
9654
16501
441
5657
11
900
11505
16501
441
5657
60
796
779
9012
7
9562
1776
628
220
1500
5412
26125
796
357
15596
11
1738
8
5218
1391
198
220
220
220
611
357
41181
24844
366
12976
8272
4943
1391
198
220
220
220
220
220
1441
26
198
220
220
220
1782
628
220
220
220
900
11505
7
9562
1776
198
220
18083
628
220
1500
3758
15333
796
30351
357
68
8
5218
1391
198
220
220
220
304
13
3866
1151
19463
9783
628
220
220
220
1949
1391
198
220
220
220
220
220
1500
2882
796
25507
21207
7203
14
15042
14
21280
15333
1600
1391
198
220
220
220
220
220
220
220
2446
25
366
32782
1600
198
220
220
220
220
220
220
220
24697
25
1391
198
220
220
220
220
220
220
220
220
220
366
19746
12
6030
1298
366
31438
14
17752
1600
198
220
220
220
220
220
220
220
8964
198
220
220
220
220
220
220
220
1767
25
19449
13
8841
1958
15090
198
220
220
220
220
220
220
220
220
220
1438
11
198
220
220
220
220
220
220
220
220
220
3053
11
198
220
220
220
220
220
220
220
220
220
3275
11
198
220
220
220
220
220
220
220
220
220
29788
25
1429
13
24330
13
45
13918
62
5105
32936
62
32
4720
39
62
27630
4146
11
198
220
220
220
220
220
220
220
1782
828
198
220
220
220
220
220
14980
628
220
220
220
220
220
1500
1366
796
25507
2882
13
17752
9783
628
220
220
220
220
220
611
357
26209
13
482
8
1391
198
220
220
220
220
220
220
220
8624
13
6404
7203
15333
1908
7675
25
1600
1366
13
20500
1776
198
220
220
220
220
220
220
220
900
11505
16501
441
5657
7
7942
1776
198
220
220
220
220
220
1782
2073
1391
198
220
220
220
220
220
220
220
8624
13
6404
7203
37
6255
284
3758
3053
25
1600
1366
13
20500
1776
198
220
220
220
220
220
1782
198
220
220
220
1782
4929
357
18224
8
1391
198
220
220
220
220
220
8624
13
6404
7203
12331
7216
3053
25
1600
4049
1776
198
220
220
220
1782
628
220
220
220
900
5376
7203
15341
198
220
220
220
900
15333
7203
15341
198
220
220
220
900
12837
7203
15341
198
220
18083
628
220
1500
5412
26125
16501
441
5657
796
7499
5218
1391
198
220
220
220
900
11505
16501
441
5657
7
9562
1776
198
220
18083
628
220
1441
357
198
220
220
220
1279
32517
29
198
220
220
220
220
220
1279
29869
29
198
220
220
220
220
220
220
220
1279
14253
264
87
28
27007
45079
25
352
11
285
65
25
362
34949
29
198
220
220
220
220
220
220
220
220
220
1279
39681
29
17829
502
3556
39681
29
198
220
220
220
220
220
220
220
220
220
1279
31467
4867
15304
2625
7266
7839
17
5320
198
220
220
220
220
220
220
220
220
220
220
220
5765
262
1296
2174
284
3758
502
257
3275
13
198
220
220
220
220
220
220
220
220
220
7359
31467
4867
29
198
220
220
220
220
220
220
220
7359
14253
29
198
220
220
220
220
220
220
220
1279
687
319
45135
34758
21280
15333
92
29
198
220
220
220
220
220
220
220
220
220
1279
14253
264
87
28
27007
285
65
25
362
34949
29
198
220
220
220
220
220
220
220
220
220
220
220
1279
15022
20560
33986
27711
1890
2625
3672
5320
5376
3556
15022
20560
33986
29
198
220
220
220
220
220
220
220
220
220
220
220
1279
15022
7975
10837
20560
198
220
220
220
220
220
220
220
220
220
220
220
220
220
1336
30916
198
220
220
220
220
220
220
220
220
220
220
220
220
220
4686
2625
3672
1
198
220
220
220
220
220
220
220
220
220
220
220
220
220
1988
34758
3672
92
198
220
220
220
220
220
220
220
220
220
220
220
220
220
319
19400
34758
7
68
8
5218
900
5376
7
68
13
16793
13
8367
38165
198
220
220
220
220
220
220
220
220
220
220
220
220
220
2672
198
220
220
220
220
220
220
220
220
220
220
220
11037
198
220
220
220
220
220
220
220
220
220
7359
14253
29
198
220
220
220
220
220
220
220
220
220
1279
14253
264
87
28
27007
285
65
25
362
34949
29
198
220
220
220
220
220
220
220
220
220
220
220
1279
15022
20560
33986
27711
1890
2625
12888
5320
15333
3556
15022
20560
33986
29
198
220
220
220
220
220
220
220
220
220
220
220
1279
15022
7975
10837
20560
198
220
220
220
220
220
220
220
220
220
220
220
220
220
1336
30916
198
220
220
220
220
220
220
220
220
220
220
220
220
220
2099
2625
12888
1
198
220
220
220
220
220
220
220
220
220
220
220
220
220
4686
2625
12888
1
198
220
220
220
220
220
220
220
220
220
220
220
220
220
1988
34758
12888
92
198
220
220
220
220
220
220
220
220
220
220
220
220
220
319
19400
34758
7
68
8
5218
900
15333
7
68
13
16793
13
8367
38165
198
220
220
220
220
220
220
220
220
220
220
220
220
220
2672
198
220
220
220
220
220
220
220
220
220
220
220
11037
198
220
220
220
220
220
220
220
220
220
7359
14253
29
198
220
220
220
220
220
220
220
220
220
1279
14253
264
87
28
27007
285
65
25
362
34949
29
198
220
220
220
220
220
220
220
220
220
220
220
1279
15022
20560
33986
27711
1890
2625
20500
5320
12837
3556
15022
20560
33986
29
198
220
220
220
220
220
220
220
220
220
220
220
1279
15022
7975
10837
20560
198
220
220
220
220
220
220
220
220
220
220
220
220
220
1336
30916
198
220
220
220
220
220
220
220
220
220
220
220
220
220
4686
2625
20500
1
198
220
220
220
220
220
220
220
220
220
220
220
220
220
1988
34758
20500
92
198
220
220
220
220
220
220
220
220
220
220
220
220
220
319
19400
34758
7
68
8
5218
900
12837
7
68
13
16793
13
8367
38165
198
220
220
220
220
220
220
220
220
220
220
220
220
220
1963
346
500
198
220
220
220
220
220
220
220
220
220
220
220
220
220
15274
34758
19
92
198
220
220
220
220
220
220
220
220
220
220
220
220
220
2672
198
220
220
220
220
220
220
220
220
220
220
220
11037
198
220
220
220
220
220
220
220
220
220
7359
14253
29
198
220
220
220
220
220
220
220
220
220
1279
14253
29
198
220
220
220
220
220
220
220
220
220
220
220
1279
15022
21864
2099
2625
46002
1
15304
2625
45964
5320
198
220
220
220
220
220
220
220
220
220
220
220
220
220
16290
198
220
220
220
220
220
220
220
220
220
220
220
7359
15022
21864
29
198
220
220
220
220
220
220
220
220
220
7359
14253
29
198
220
220
220
220
220
220
220
7359
687
29
198
220
220
220
220
220
7359
29869
29
198
220
220
220
220
220
1279
9876
17574
263
11037
198
220
220
220
220
220
1279
5841
282
198
220
220
220
220
220
220
220
1280
34758
9654
16501
441
5657
92
198
220
220
220
220
220
220
220
319
26125
34758
28144
26125
16501
441
5657
92
198
220
220
220
220
220
220
220
257
7496
12
23912
11978
1525
2625
23144
12
16184
441
5657
1
198
220
220
220
220
220
220
220
257
7496
12
34869
1525
2625
23144
12
16184
441
5657
12
11299
1
198
220
220
220
220
220
1875
198
220
220
220
220
220
220
220
1279
15022
16501
441
5657
19746
5412
26125
34758
28144
26125
16501
441
5657
92
11037
198
220
220
220
220
220
7359
5841
282
29
198
220
220
220
7359
32517
29
198
220
5619
198
19629
198
198
39344
4277
14039
9876
26
198