11748
1391
45552
1782
422
44212
76
9019
14
10057
8172
198
11748
1391
24846
11
17134
4867
11
8315
1782
422
44212
76
9019
14
33665
8172
198
11748
7873
17574
263
422
366
40720
5589
3906
14
9876
17574
263
13
8457
87
8172
198
11748
47639
422
366
40720
5589
3906
14
32517
8172
198
198
9979
48900
796
45552
7203
71
18
4943
7
15090
7505
32092
5218
37913
198
220
10369
10699
25
366
16
13
20
2787
1600
198
220
3124
25
7505
13
18596
5857
13
6404
78
13
12417
11
198
220
10330
25
366
15
13
20
2787
1600
198
220
10369
24094
25
24018
35
5958
3256
38078
12
2655
361
1600
198
92
18125
198
198
9979
5995
9876
796
7499
5218
1391
198
220
1441
357
198
220
220
220
1279
32517
29
198
220
220
220
220
220
1279
41339
198
220
220
220
220
220
220
220
9290
198
220
220
220
220
220
220
220
4571
2625
808
1
198
220
220
220
220
220
220
220
12051
19746
2625
32880
12
9688
1
198
220
220
220
220
220
220
220
10548
23022
2625
32880
12
9688
1
198
220
220
220
220
220
220
220
31050
34758
17
92
198
220
220
220
220
220
1875
198
220
220
220
220
220
220
220
1279
41339
2378
2124
82
34758
1065
92
895
34758
1065
92
29
198
220
220
220
220
220
220
220
220
220
1279
39681
29
33
3796
3556
39681
29
198
220
220
220
220
220
220
220
220
220
1279
14253
264
87
28
27007
10548
23022
25
366
16159
1
34949
12240
14253
29
198
220
220
220
220
220
220
220
220
220
1279
31467
4867
10330
28
4895
15
13
20
2787
20662
29
198
220
220
220
220
220
220
220
220
220
220
220
887
314
1276
4727
284
345
703
477
428
16011
2126
286
45041
198
220
220
220
220
220
220
220
220
220
220
220
9476
290
33557
2356
373
4642
290
314
481
1577
345
257
1844
198
220
220
220
220
220
220
220
220
220
220
220
1848
286
262
1080
11
290
1033
633
262
4036
19564
286
262
1049
198
220
220
220
220
220
220
220
220
220
220
220
39349
286
262
3872
11
262
4958
12
38272
286
1692
12157
13
1400
530
198
220
220
220
220
220
220
220
220
220
220
220
28317
11
19621
7938
11
393
30940
9476
2346
11
780
340
318
198
220
220
220
220
220
220
220
220
220
220
220
9476
11
475
780
883
508
466
407
760
703
284
10660
9476
198
220
220
220
220
220
220
220
220
220
220
220
374
15208
8791
6948
326
389
4457
12132
13
5414
198
220
220
220
220
220
220
220
220
220
220
220
757
318
612
2687
508
10408
393
8012
947
393
15997
284
7330
2356
198
220
220
220
220
220
220
220
220
220
220
220
286
2346
11
780
340
318
2356
11
475
780
10491
198
220
220
220
220
220
220
220
220
220
220
220
5917
3051
287
543
284
346
290
2356
460
23364
683
617
198
220
220
220
220
220
220
220
220
220
220
220
1049
9476
13
1675
1011
257
20861
1672
11
543
286
514
1683
198
220
220
220
220
220
220
220
220
220
220
220
10122
1124
4827
699
3518
5517
11
2845
284
7330
617
198
220
220
220
220
220
220
220
220
220
220
220
4621
422
340
30
887
508
468
597
826
284
1064
8046
351
257
582
198
220
220
220
220
220
220
220
220
220
220
220
508
19769
284
2883
257
9476
326
468
645
15774
6948
11
198
220
220
220
220
220
220
220
220
220
220
220
393
530
508
30940
257
2356
326
11073
645
43440
9476
7275
198
220
220
220
220
220
220
220
220
220
220
220
352
13
940
13
2091
286
390
4463
26333
7979
19220
2123
4434
19220
11
3194
416
37212
3529
287
4153
11843
198
220
220
220
220
220
220
220
220
220
220
220
1629
3326
78
304
418
2123
10458
25509
2123
1312
436
78
16298
952
13469
747
320
418
288
1229
20704
45567
198
220
220
220
220
220
220
220
220
220
220
220
34377
8846
271
7201
274
298
1505
2322
37623
21307
1619
268
8846
379
4188
10622
72
627
418
198
220
220
220
220
220
220
220
220
220
220
220
288
349
2850
2123
627
292
18605
395
4448
2845
9900
264
600
1609
64
721
7246
6508
312
12027
1729
198
220
220
220
220
220
220
220
220
220
220
220
899
738
11
985
346
2350
264
2797
287
10845
8957
45567
1163
544
748
263
2797
285
692
36723
198
220
220
220
220
220
220
220
220
220
220
220
2355
72
11
4686
1556
4827
388
2123
288
349
19220
277
30302
13
17906
3971
388
627
28913
302
6582
1777
346
271
198
220
220
220
220
220
220
220
220
220
220
220
1556
2123
13604
5350
7310
952
13
17871
3655
78
20218
382
11
10973
1540
29822
31801
271
1556
198
220
220
220
220
220
220
220
220
220
220
220
7453
43109
2172
952
10973
4188
49413
848
19312
18658
20208
4686
627
375
3509
524
1295
265
198
220
220
220
220
220
220
220
220
220
220
220
1986
260
1184
20704
11
22284
271
2322
37623
292
4368
7438
1556
11
22284
271
288
45621
198
220
220
220
220
220
220
220
220
220
220
220
3172
297
437
385
13
5825
1819
26333
1960
368
627
26333
11043
2123
1960
1163
72
271
1915
11815
1960
198
220
220
220
220
220
220
220
220
220
220
220
302
6582
2418
270
265
26333
473
68
431
772
1155
3384
2123
2322
37623
689
42405
72
392
3609
264
600
198
220
220
220
220
220
220
220
220
220
220
220
2123
18605
395
33100
1729
664
385
392
3609
13
632
18251
1027
388
302
6582
289
291
3478
316
333
257
198
220
220
220
220
220
220
220
220
220
220
220
31841
1153
68
390
801
385
11
3384
1960
302
44070
437
271
2322
37623
265
26333
285
1872
2850
16144
198
220
220
220
220
220
220
220
220
220
220
220
4937
2541
1960
23035
567
358
271
288
45621
26333
355
525
72
2850
3172
297
265
13
198
220
220
220
220
220
220
220
220
220
7359
31467
4867
29
198
220
220
220
220
220
220
220
7359
41339
29
198
220
220
220
220
220
220
220
1279
41339
2378
2124
82
34758
1065
92
895
34758
1065
92
29
198
220
220
220
220
220
220
220
220
220
1279
39681
29
39
3428
3556
39681
29
198
220
220
220
220
220
220
220
220
220
1279
14253
10330
34104
28
4895
15
13
16
2787
20662
264
87
28
27007
10548
23022
25
366
16159
1
34949
12240
14253
29
198
220
220
220
220
220
220
220
220
220
1279
31467
4867
10330
28
4895
15
13
20
2787
20662
29
198
220
220
220
220
220
220
220
220
220
220
220
1675
787
597
23538
3519
284
29148
393
12965
11
3387
198
220
220
220
220
220
220
220
220
220
220
220
2800
2488
1525
15201
62
82
14191
319
3009
11
393
3758
281
3053
284
198
220
220
220
220
220
220
220
220
220
220
220
416
15201
13
82
14191
31
14816
13
785
13
921
743
635
751
37532
62
15
71
2
2998
4761
319
39462
284
198
220
220
220
220
220
220
220
220
220
220
220
651
287
3638
13
198
220
220
220
220
220
220
220
220
220
7359
31467
4867
29
198
220
220
220
220
220
220
220
7359
41339
29
198
220
220
220
220
220
220
220
1279
41339
2378
2124
82
34758
1065
92
895
34758
1065
92
29
198
220
220
220
220
220
220
220
220
220
1279
39681
29
19302
3556
39681
29
198
220
220
220
220
220
220
220
220
220
1279
14253
10330
34104
28
4895
15
13
16
2787
20662
264
87
28
27007
10548
23022
25
366
16159
1
34949
12240
14253
29
198
220
220
220
220
220
220
220
220
220
1279
31467
4867
10330
28
4895
15
13
20
2787
20662
29
198
220
220
220
220
220
220
220
220
220
220
220
3801
12
12384
11
1877
12
5715
9575
8705
11
552
34393
11
2891
278
11
198
220
220
220
220
220
220
220
220
220
220
220
22771
11
20649
5612
11
3992
18
1343
17000
13
198
220
220
220
220
220
220
220
220
220
7359
31467
4867
29
198
220
220
220
220
220
220
220
7359
41339
29
198
220
220
220
220
220
220
220
1279
41339
2378
2124
82
34758
1065
92
895
34758
1065
92
29
198
220
220
220
220
220
220
220
220
220
1279
39681
29
15721
896
3556
39681
29
198
220
220
220
220
220
220
220
220
220
1279
14253
264
87
28
27007
10548
23022
25
366
16159
1
34949
12240
14253
29
198
220
220
220
220
220
220
220
220
220
1279
31467
4867
10330
28
4895
15
13
20
2787
20662
29
198
220
220
220
220
220
220
220
220
220
220
220
43607
284
2968
4901
11
15639
76
47177
388
318
407
2391
4738
2420
13
198
220
220
220
220
220
220
220
220
220
220
220
632
468
11135
287
257
3704
286
15993
9133
9285
422
4153
11843
11
198
220
220
220
220
220
220
220
220
220
220
220
1642
340
625
4751
812
1468
13
6219
23780
600
735
11
257
9133
6240
198
220
220
220
220
220
220
220
220
220
220
220
379
13039
6559
12
50
5173
1681
5535
287
6025
11
3114
510
530
286
262
517
198
220
220
220
220
220
220
220
220
220
220
220
18611
9133
2456
11
369
8831
316
333
11
422
257
15639
76
47177
388
10066
11
290
198
220
220
220
220
220
220
220
220
220
220
220
1016
832
262
23474
286
262
1573
287
15993
9285
11
198
220
220
220
220
220
220
220
220
220
220
220
5071
262
3318
12944
11487
2723
13
15639
76
47177
388
2058
422
9004
198
220
220
220
220
220
220
220
220
220
220
220
352
13
940
13
2624
290
352
13
940
13
2091
286
390
4463
26333
7979
19220
2123
4434
19220
357
464
47871
274
198
220
220
220
220
220
220
220
220
220
220
220
286
4599
290
10461
8
416
37212
3529
11
3194
287
4153
11843
13
770
1492
318
257
198
220
220
220
220
220
220
220
220
220
220
220
2190
786
319
262
4583
286
14458
11
845
2968
1141
262
198
220
220
220
220
220
220
220
220
220
220
220
29396
13
383
717
1627
286
15639
76
47177
388
11
15639
76
220
2419
388
288
45621
1650
198
220
220
220
220
220
220
220
220
220
220
220
716
316
492
11
2058
422
257
1627
287
2665
352
13
940
13
2624
13
383
3210
16058
286
198
220
220
220
220
220
220
220
220
220
220
220
15639
76
47177
388
973
1201
262
20007
82
318
31759
2174
329
883
198
220
220
220
220
220
220
220
220
220
220
220
4609
13
37703
352
13
940
13
2624
290
352
13
940
13
2091
422
390
4463
26333
7979
19220
2123
198
220
220
220
220
220
220
220
220
220
220
220
4434
19220
416
37212
3529
389
635
31759
287
511
2748
2656
1296
11
198
220
220
220
220
220
220
220
220
220
220
220
11791
416
3594
6300
422
262
26833
11059
416
367
13
198
220
220
220
220
220
220
220
220
220
220
220
37927
2763
13
198
220
220
220
220
220
220
220
220
220
7359
31467
4867
29
198
220
220
220
220
220
220
220
7359
41339
29
198
220
220
220
220
220
7359
41339
29
198
220
220
220
220
220
1279
9876
17574
263
11037
198
220
220
220
7359
32517
29
198
220
5619
198
19629
198
198
39344
4277
5995
9876
26
198