11748
1391
45552
1782
422
44212
76
9019
14
10057
8172
198
11748
1391
24846
11
8315
11
779
47863
11
779
13152
20746
1782
422
44212
76
9019
14
33665
8172
198
11748
47639
422
366
40720
5589
3906
14
32517
8172
198
11748
7873
17574
263
422
366
40720
5589
3906
14
9876
17574
263
13
8457
87
8172
198
11748
4935
422
366
40720
5589
3906
14
16302
62
30854
14
16775
8172
198
11748
15831
414
16775
82
8053
422
366
40720
5589
3906
14
16302
62
30854
14
46933
414
16775
82
8053
8172
198
198
9979
29898
796
7499
5218
1391
198
220
1500
7505
796
779
47863
9783
198
220
1500
318
17066
796
779
13152
20746
7
43810
13
9032
13033
13
2902
7203
5796
4943
1776
198
220
1500
4808
10331
10699
796
366
16
13
20
2787
8172
628
220
1500
3834
7839
796
45552
7203
71
18
4943
7
15090
7505
32092
5218
37913
198
220
220
220
10369
10699
25
4808
10331
10699
11
198
220
220
220
2420
2348
570
25
366
32880
12
9688
1600
198
220
220
220
10330
34104
25
366
15
13
2713
2787
1600
198
220
220
220
3124
25
7505
13
18596
5857
13
6404
78
13
12417
11
198
220
220
220
10369
24094
25
24018
35
5958
3256
38078
12
2655
361
1600
198
220
1782
18125
628
220
1500
4735
414
16775
82
796
685
198
220
220
220
1391
198
220
220
220
220
220
1438
25
366
16775
352
1600
198
220
220
220
220
220
19016
25
366
5450
1378
2503
13
12567
13
785
14
14242
12
15
71
1600
198
220
220
220
220
220
6764
25
198
220
220
220
220
220
220
220
366
32
26512
3586
329
5713
290
2839
19925
33283
198
220
220
220
8964
198
220
220
220
1391
198
220
220
220
220
220
1438
25
366
16775
362
1600
198
220
220
220
220
220
19016
25
366
5450
1378
2503
13
12567
13
785
14
14242
12
15
71
1600
198
220
220
220
220
220
6764
25
198
220
220
220
220
220
220
220
366
32
11779
12
3106
6709
1080
329
13245
290
21885
525
12
13288
7024
33283
198
220
220
220
8964
198
220
220
220
1391
198
220
220
220
220
220
1438
25
366
16775
513
1600
198
220
220
220
220
220
19016
25
366
5450
1378
2503
13
12567
13
785
14
14242
12
15
71
1600
198
220
220
220
220
220
6764
25
198
220
220
220
220
220
220
220
366
32
11241
1143
1103
7964
3859
15882
13390
282
3119
9238
33283
198
220
220
220
8964
198
220
220
220
1391
198
220
220
220
220
220
1438
25
366
16775
604
1600
198
220
220
220
220
220
19016
25
366
5450
1378
2503
13
12567
13
785
14
14242
12
15
71
1600
198
220
220
220
220
220
6764
25
198
220
220
220
220
220
220
220
366
32
26512
9604
3586
329
11149
290
9646
6798
33283
198
220
220
220
8964
198
220
220
220
1391
198
220
220
220
220
220
1438
25
366
16775
642
1600
198
220
220
220
220
220
19016
25
366
5450
1378
2503
13
12567
13
785
14
14242
12
15
71
1600
198
220
220
220
220
220
6764
25
198
220
220
220
220
220
220
220
366
32
26512
17432
329
7067
290
6301
4875
7017
33283
198
220
220
220
8964
198
220
220
220
1391
198
220
220
220
220
220
1438
25
366
16775
718
1600
198
220
220
220
220
220
19016
25
366
5450
1378
2503
13
12567
13
785
14
14242
12
15
71
1600
198
220
220
220
220
220
6764
25
198
220
220
220
220
220
220
220
366
32
11241
12
3106
33851
3859
329
13097
4493
33283
198
220
220
220
8964
198
220
220
220
1391
198
220
220
220
220
220
1438
25
366
16775
767
1600
198
220
220
220
220
220
19016
25
366
5450
1378
2503
13
12567
13
785
14
14242
12
15
71
1600
198
220
220
220
220
220
6764
25
198
220
220
220
220
220
220
220
366
32
26512
5369
4542
1080
329
5713
290
2839
18239
33283
198
220
220
220
8964
198
220
220
220
1391
198
220
220
220
220
220
1438
25
366
16775
807
1600
198
220
220
220
220
220
19016
25
366
5450
1378
2503
13
12567
13
785
14
14242
12
15
71
1600
198
220
220
220
220
220
6764
25
198
220
220
220
220
220
220
220
366
32
11779
12
12293
5127
6333
9646
1080
329
3220
13902
33283
198
220
220
220
8964
198
220
28013
628
220
1441
357
198
220
220
220
1279
32517
29
198
220
220
220
220
220
1279
41339
9290
4571
2625
28665
1
31050
34758
17
92
29
198
220
220
220
220
220
220
220
1279
41339
2378
2124
82
34758
16
92
895
34758
16
92
29
198
220
220
220
220
220
220
220
220
220
1279
7004
7839
29
13295
25558
29898
3556
7004
7839
29
198
220
220
220
220
220
220
220
220
220
1279
14253
198
220
220
220
220
220
220
220
220
220
220
220
10330
9126
28
4895
15
13
2999
2787
20662
198
220
220
220
220
220
220
220
220
220
220
220
10330
34104
28
4895
15
13
2713
2787
20662
198
220
220
220
220
220
220
220
220
220
220
220
264
87
28
27007
10548
23022
25
366
16159
1
34949
198
220
220
220
220
220
220
220
220
220
1875
3556
14253
29
198
220
220
220
220
220
220
220
7359
41339
29
628
220
220
220
220
220
220
220
1279
41339
2378
2124
82
34758
1065
92
895
34758
1065
92
264
87
28
27007
24511
25
657
11
10330
25
657
34949
29
198
220
220
220
220
220
220
220
220
220
1279
16775
198
220
220
220
220
220
220
220
220
220
220
220
11112
35922
8895
46
22707
13
11134
1
198
220
220
220
220
220
220
220
220
220
220
220
1628
5376
2625
8895
46
1
198
220
220
220
220
220
220
220
220
220
220
220
1628
11828
2625
16775
6764
2925
994
526
198
220
220
220
220
220
220
220
220
220
220
220
1628
11280
2625
5450
1378
2503
13
12567
13
785
1
198
220
220
220
220
220
220
220
220
220
11037
198
220
220
220
220
220
220
220
7359
41339
29
628
220
220
220
220
220
220
220
1279
41339
2378
2124
82
34758
1065
92
895
34758
1065
92
264
87
28
27007
24511
25
657
11
10330
25
657
34949
29
198
220
220
220
220
220
220
220
220
220
1279
16775
198
220
220
220
220
220
220
220
220
220
220
220
11112
35922
22266
19325
13652
13
11134
1
198
220
220
220
220
220
220
220
220
220
220
220
1628
5376
2625
22266
34208
1
198
220
220
220
220
220
220
220
220
220
220
220
1628
11828
2625
16775
6764
2925
994
526
198
220
220
220
220
220
220
220
220
220
220
220
1628
11280
2625
5450
1378
2503
13
12567
13
785
1
198
220
220
220
220
220
220
220
220
220
11037
198
220
220
220
220
220
220
220
7359
41339
29
628
220
220
220
220
220
220
220
1279
41339
2378
2124
82
34758
1065
92
895
34758
1065
92
264
87
28
27007
24511
25
657
11
10330
25
657
34949
29
198
220
220
220
220
220
220
220
220
220
1279
16775
198
220
220
220
220
220
220
220
220
220
220
220
11112
35922
33856
13
11134
1
198
220
220
220
220
220
220
220
220
220
220
220
1628
5376
2625
53
35220
35491
1
198
220
220
220
220
220
220
220
220
220
220
220
1628
11828
2625
16775
6764
2925
994
526
198
220
220
220
220
220
220
220
220
220
220
220
1628
11280
2625
5450
1378
2503
13
12567
13
785
1
198
220
220
220
220
220
220
220
220
220
11037
198
220
220
220
220
220
220
220
7359
41339
29
198
220
220
220
220
220
220
220
1279
41339
2378
2124
82
34758
1065
92
895
34758
1065
92
264
87
28
27007
10548
23022
25
366
9688
1
34949
29
198
220
220
220
220
220
220
220
220
220
1279
7004
7839
29
46933
414
29898
3556
7004
7839
29
198
220
220
220
220
220
220
220
220
220
1279
46933
414
16775
82
8053
4493
34758
39390
414
16775
82
92
11037
198
220
220
220
220
220
220
220
7359
41339
29
198
220
220
220
220
220
7359
41339
29
198
220
220
220
220
220
1279
9876
17574
263
11037
198
220
220
220
7359
32517
29
198
220
5619
198
19629
198
198
39344
4277
29898
26
198