11748
1391
2251
21947
11
779
21947
11
779
9012
1782
422
366
45018
8172
198
11748
1391
26729
29495
1782
422
44212
76
9019
14
33665
14
47720
8172
198
11748
1391
327
824
15522
4470
1782
422
44212
76
9019
14
33665
8172
198
11748
1391
3223
47863
11
40048
47863
1782
422
366
40720
47720
14
1169
6880
13
8457
8172
198
198
9979
26729
21947
796
2251
21947
9783
198
198
9979
26729
21947
29495
796
37913
1751
32092
5218
1391
198
220
1500
685
43810
11
900
47863
60
796
779
9012
7
19155
17163
47863
1776
628
220
1500
19846
47863
796
7499
5218
1391
198
220
220
220
900
47863
19510
47050
19076
8
5218
198
220
220
220
220
220
8654
19076
24844
40048
47863
5633
3223
47863
1058
40048
47863
198
220
220
220
5619
198
220
18083
628
220
1441
357
198
220
220
220
1279
47863
21947
13
29495
1988
28
27007
7505
11
19846
47863
34949
29
198
220
220
220
220
220
1279
47863
29495
36918
2848
7505
34758
43810
92
29
90
17197
92
3556
47863
29495
36918
2848
29
198
220
220
220
7359
47863
21947
13
29495
29
198
220
5619
198
19629
198
198
9979
26729
29495
36918
2848
796
37913
1751
11
7505
32092
5218
1391
198
220
1441
357
198
220
220
220
1279
47863
29495
7505
34758
43810
92
29
198
220
220
220
220
220
1279
34
824
15522
4470
11037
198
220
220
220
220
220
1391
17197
92
198
220
220
220
7359
47863
29495
29
198
220
5619
198
19629
198
198
9979
779
47863
21947
796
7499
5218
779
21947
7
47863
21947
1776
198
198
39344
1391
26729
21947
11
26729
21947
29495
11
779
47863
21947
18083
198