11748
1391
2251
47863
1782
422
44212
76
9019
14
33665
8172
198
198
9979
3223
47863
796
2251
47863
15090
198
220
27043
25
1391
198
220
220
220
4235
25
366
21953
1600
198
220
220
220
4165
25
1391
198
220
220
220
220
220
1388
25
25113
3829
66
1878
24
1600
198
220
220
220
8964
198
220
220
220
9233
25
1391
198
220
220
220
220
220
1388
25
25113
69
19
2308
24
1600
198
220
220
220
220
220
13527
25
25113
12927
487
1600
198
220
220
220
8964
198
220
220
220
4469
25
1391
198
220
220
220
220
220
4277
25
25113
15
69
15187
69
1600
198
220
220
220
220
220
3348
25
25113
15
69
15187
69
1600
198
220
220
220
8964
198
220
220
220
2420
25
1391
198
220
220
220
220
220
4165
25
25113
68
15
68
15
68
15
1600
198
220
220
220
220
220
9233
25
25113
65
18
65
18
65
18
1600
198
220
220
220
8964
198
220
220
220
11112
25
1391
198
220
220
220
220
220
1388
25
25113
69
19
2308
24
1600
198
220
220
220
8964
198
220
220
220
1628
15732
14253
25
1391
198
220
220
220
220
220
4277
25
25113
1558
5304
1600
198
220
220
220
8964
198
220
220
220
4735
414
25
1391
198
220
220
220
220
220
1388
25
25113
22
39449
6500
1600
198
220
220
220
8964
198
220
220
220
2800
21864
25
1391
198
220
220
220
220
220
1388
25
25113
22
39449
6500
1600
198
220
220
220
8964
198
220
8964
198
220
2170
4867
25
1391
198
220
220
220
10369
24094
25
24018
14350
2069
3256
705
39
32667
3970
3256
705
32
4454
3256
38078
12
2655
361
11
360
5958
33172
198
220
8964
198
22133
198
198
9979
40048
47863
796
2251
47863
15090
198
220
27043
25
1391
198
220
220
220
4235
25
366
2971
1600
198
220
220
220
4165
25
1391
198
220
220
220
220
220
1388
25
25113
69
19
2308
24
1600
198
220
220
220
8964
198
220
220
220
9233
25
1391
198
220
220
220
220
220
1388
25
25113
15
69
15187
69
1600
198
220
220
220
8964
198
220
220
220
4469
25
1391
198
220
220
220
220
220
4277
25
25113
69
19
2308
24
1600
198
220
220
220
220
220
3348
25
25113
12927
487
1600
198
220
220
220
8964
198
220
220
220
2420
25
1391
198
220
220
220
220
220
4165
25
25113
19
66
19
66
19
66
1600
198
220
220
220
220
220
9233
25
25113
23
66
23
66
23
66
1600
198
220
220
220
8964
198
220
220
220
11112
25
1391
198
220
220
220
220
220
1388
25
25113
20
33
3104
4869
1600
198
220
220
220
8964
198
220
220
220
1628
15732
14253
25
1391
198
220
220
220
220
220
4277
25
25113
22521
23
67
15
1600
198
220
220
220
8964
198
220
220
220
4735
414
25
1391
198
220
220
220
220
220
1388
25
25113
22
39449
6500
1600
198
220
220
220
8964
198
220
220
220
2800
21864
25
1391
198
220
220
220
220
220
1388
25
25113
20
33
3104
4869
1600
198
220
220
220
8964
198
220
8964
198
220
2170
4867
25
1391
198
220
220
220
10369
24094
25
24018
14350
2069
3256
705
39
32667
3970
3256
705
32
4454
3256
38078
12
2655
361
11
360
5958
1600
198
220
8964
198
22133
198
198
39344
1391
3223
47863
11
40048
47863
18083
198